+---------+---------+--------------+--------------+--------------------+-----------------+----------+------------------+
|book_id_1|book_id_2|reader_count_1|reader_count_2|jaccard_distance    |intersection_size|union_size|jaccard_similarity|
+---------+---------+--------------+--------------+--------------------+-----------------+----------+------------------+
|3952     |3953     |35            |34            |0.02857142857142858 |34               |35        |0.9714285714285714|
|21738    |21739    |71            |70            |0.04166666666666663 |69               |72        |0.9583333333333334|
|21736    |21737    |66            |67            |0.044117647058823484|65               |68        |0.9558823529411765|
|3958     |3959     |44            |42            |0.045454545454545414|42               |44        |0.9545454545454546|
|4383     |4385     |42            |44            |0.045454545454545414|42               |44        |0.9545454545454546|
|4383     |4384     |42            |42            |0.046511627906976716|41               |43        |0.9534883720930233|
|58908    |58910    |41            |43            |0.046511627906976716|41               |43        |0.9534883720930233|
|3955     |3957     |39            |39            |0.050000000000000044|38               |40        |0.95              |
|112530   |112531   |34            |36            |0.05555555555555558 |34               |36        |0.9444444444444444|
|207578   |207579   |32            |32            |0.06060606060606055 |31               |33        |0.9393939393939394|
|51199    |67248    |32            |32            |0.06060606060606055 |31               |33        |0.9393939393939394|
|44736    |44737    |31            |33            |0.06060606060606055 |31               |33        |0.9393939393939394|
|12433    |12434    |31            |31            |0.0625              |30               |32        |0.9375            |
|44669    |44673    |40            |43            |0.06976744186046513 |40               |43        |0.9302325581395349|
|21737    |21739    |67            |70            |0.07042253521126762 |66               |71        |0.9295774647887324|
|58916    |58918    |52            |54            |0.07272727272727275 |51               |55        |0.9272727272727272|
|19320    |19321    |91            |90            |0.07446808510638303 |87               |94        |0.925531914893617 |
|89049    |89051    |47            |47            |0.08163265306122447 |45               |49        |0.9183673469387755|
|21737    |21738    |67            |71            |0.08333333333333337 |66               |72        |0.9166666666666666|
|4385     |4386     |44            |48            |0.08333333333333337 |44               |48        |0.9166666666666666|
|3953     |3954     |34            |35            |0.08333333333333337 |33               |36        |0.9166666666666666|
|21736    |21739    |66            |70            |0.08450704225352113 |65               |71        |0.9154929577464789|
|49272    |49273    |34            |33            |0.08571428571428574 |32               |35        |0.9142857142857143|
|3951     |3953     |33            |34            |0.08571428571428574 |32               |35        |0.9142857142857143|
|3949     |3950     |32            |33            |0.08823529411764708 |31               |34        |0.9117647058823529|
|7277     |7278     |121           |116           |0.08870967741935487 |113              |124       |0.9112903225806451|
|4384     |4385     |42            |44            |0.0888888888888889  |41               |45        |0.9111111111111111|
|56485    |56486    |51            |56            |0.0892857142857143  |51               |56        |0.9107142857142857|
|40051    |40052    |72            |75            |0.09090909090909094 |70               |77        |0.9090909090909091|
|104123   |104124   |40            |44            |0.09090909090909094 |40               |44        |0.9090909090909091|
|15127    |15128    |62            |62            |0.09230769230769231 |59               |65        |0.9076923076923077|
|14118    |14119    |81            |83            |0.09302325581395354 |78               |86        |0.9069767441860465|
|44669    |44670    |40            |42            |0.09302325581395354 |39               |43        |0.9069767441860465|
|58919    |58920    |71            |72            |0.09333333333333338 |68               |75        |0.9066666666666666|
|21846    |21847    |50            |51            |0.09433962264150941 |48               |53        |0.9056603773584906|
|21736    |21738    |66            |71            |0.09722222222222221 |65               |72        |0.9027777777777778|
|3955     |3956     |39            |37            |0.09999999999999998 |36               |40        |0.9               |
|3956     |3957     |37            |39            |0.09999999999999998 |36               |40        |0.9               |
|19321    |19326    |90            |94            |0.1030927835051546  |87               |97        |0.8969072164948454|
|11089    |79749    |46            |45            |0.10416666666666663 |43               |48        |0.8958333333333334|
|11810    |125309   |45            |46            |0.10416666666666663 |43               |48        |0.8958333333333334|
|3958     |3960     |44            |47            |0.10416666666666663 |43               |48        |0.8958333333333334|
|21735    |21736    |61            |66            |0.10447761194029848 |60               |67        |0.8955223880597015|
|21732    |21733    |53            |55            |0.10526315789473684 |51               |57        |0.8947368421052632|
|88814    |88815    |37            |35            |0.10526315789473684 |34               |38        |0.8947368421052632|
|3954     |3956     |35            |37            |0.10526315789473684 |34               |38        |0.8947368421052632|
|2352     |2353     |65            |58            |0.10769230769230764 |58               |65        |0.8923076923076924|
|3952     |3954     |35            |35            |0.10810810810810811 |33               |37        |0.8918918918918919|
|69779    |69784    |125           |119           |0.10852713178294571 |115              |129       |0.8914728682170543|
|58909    |58910    |44            |43            |0.10869565217391308 |41               |46        |0.8913043478260869|
|21846    |21848    |50            |54            |0.10909090909090913 |49               |55        |0.8909090909090909|
|17471    |17473    |52            |50            |0.11111111111111116 |48               |54        |0.8888888888888888|
|21840    |21843    |33            |35            |0.11111111111111116 |32               |36        |0.8888888888888888|
|3951     |3952     |33            |35            |0.11111111111111116 |32               |36        |0.8888888888888888|
|21840    |21841    |33            |35            |0.11111111111111116 |32               |36        |0.8888888888888888|
|58991    |58992    |119           |117           |0.11199999999999999 |111              |125       |0.888             |
|14229    |83430    |59            |58            |0.11290322580645162 |55               |62        |0.8870967741935484|
|8264     |8268     |96            |102           |0.11428571428571432 |93               |105       |0.8857142857142857|
|58921    |58922    |72            |73            |0.11688311688311692 |68               |77        |0.8831168831168831|
|13976    |13977    |274           |289           |0.117056856187291   |264              |299       |0.882943143812709 |
|56477    |56478    |32            |32            |0.11764705882352944 |30               |34        |0.8823529411764706|
|58934    |58935    |31            |33            |0.11764705882352944 |30               |34        |0.8823529411764706|
|140338   |140339   |31            |33            |0.11764705882352944 |30               |34        |0.8823529411764706|
|113027   |113028   |39            |40            |0.11904761904761907 |37               |42        |0.8809523809523809|
|157997   |157998   |31            |31            |0.12121212121212122 |29               |33        |0.8787878787878788|
|5429     |5430     |31            |31            |0.12121212121212122 |29               |33        |0.8787878787878788|
|3910     |3911     |152           |163           |0.125               |147              |168       |0.875             |
|21847    |21848    |51            |54            |0.125               |49               |56        |0.875             |
|5831     |5833     |45            |45            |0.125               |42               |48        |0.875             |
|4384     |4386     |42            |48            |0.125               |42               |48        |0.875             |
|4383     |4386     |42            |48            |0.125               |42               |48        |0.875             |
|102964   |102966   |36            |39            |0.125               |35               |40        |0.875             |
|4380     |4381     |36            |39            |0.125               |35               |40        |0.875             |
|56480    |56482    |30            |30            |0.125               |28               |32        |0.875             |
|19322    |19323    |86            |77            |0.12643678160919536 |76               |87        |0.8735632183908046|
|21739    |21740    |70            |78            |0.12658227848101267 |69               |79        |0.8734177215189873|
|14473    |14474    |56            |62            |0.12698412698412698 |55               |63        |0.873015873015873 |
|49272    |49274    |34            |39            |0.1282051282051282  |34               |39        |0.8717948717948718|
|42969    |42974    |56            |60            |0.12903225806451613 |54               |62        |0.8709677419354839|
|14226    |14227    |51            |50            |0.12962962962962965 |47               |54        |0.8703703703703703|
|4386     |4387     |48            |53            |0.12962962962962965 |47               |54        |0.8703703703703703|
|15535    |15537    |231           |242           |0.13043478260869568 |220              |253       |0.8695652173913043|
|14030    |14119    |89            |83            |0.13043478260869568 |80               |92        |0.8695652173913043|
|32574    |32575    |55            |59            |0.1311475409836066  |53               |61        |0.8688524590163934|
|40054    |40056    |92            |93            |0.13131313131313127 |86               |99        |0.8686868686868687|
|3953     |3956     |34            |37            |0.13157894736842102 |33               |38        |0.868421052631579 |
|15533    |15534    |187           |196           |0.13170731707317074 |178              |205       |0.8682926829268293|
|42701    |42702    |262           |261           |0.13214285714285712 |243              |280       |0.8678571428571429|
|5682     |5684     |123           |131           |0.13235294117647056 |118              |136       |0.8676470588235294|
|40055    |40056    |90            |93            |0.13265306122448983 |85               |98        |0.8673469387755102|
|39309    |39312    |117           |122           |0.1328125           |111              |128       |0.8671875         |
|50992    |50993    |42            |42            |0.1333333333333333  |39               |45        |0.8666666666666667|
|13975    |13976    |256           |274           |0.1338028169014085  |246              |284       |0.8661971830985915|
|14478    |14479    |88            |93            |0.134020618556701   |84               |97        |0.865979381443299 |
|13977    |13978    |289           |295           |0.13418530351437696 |271              |313       |0.865814696485623 |
|89051    |89053    |47            |50            |0.13461538461538458 |45               |52        |0.8653846153846154|
|89049    |89053    |47            |50            |0.13461538461538458 |45               |52        |0.8653846153846154|
|88813    |88815    |34            |35            |0.1351351351351351  |32               |37        |0.8648648648648649|
|6166     |6168     |52            |58            |0.13559322033898302 |51               |59        |0.864406779661017 |
|27579    |59022    |259           |263           |0.13571428571428568 |242              |280       |0.8642857142857143|
+---------+---------+--------------+--------------+--------------------+-----------------+----------+------------------+